356
667
92
572
64
195
703
684
664
715
798
172
63
522
268
547
665
149
374
365
53
437
748
413
234
698
272
96
684
586
314
450
299
178
741
266
393
477
250
672
470
514
87
239
202
311
123
166
574
324
144
344
39
627
790
515
79
451
488
718
18
315
749
203
723
763
670
508
601
79
47
337
41
445
315
144
193
29
48
622
749
200
148
537
682
489
563
152
85
657
550
42
207
295
482
43
784
539
666
757
580
187
785
611
294
191
384
369
280
383
320
575
636
357
757
500
754
381
216
32
527
105
575
473
694
624
74
775
534
598
685
219
255
167
213
666
97
13
569
695
580
610
383
350
350
287
295
46
308
114
408
766
528
494
709
448
379
668
92
706
760
784
779
401
125
247
431
24
270
267
762
359
344
617
448
271
743
154
767
681
196
397
456
54
718
710
334
193
499
719
266
449
780
780
456
667
787
45
434
484
353
29
728
771
616
344
56
53
458
25
367
778
629
400
540
13
379
179
589
642
210
268
457
71
516
560
697
285
308
687
371
96
238
487
261
497
457
627
571
309
125
321
525
534
603
481
679
551
237
186
310
37
298
726
396
505
502
286
785
442
692
160
390
400
41
748
759
531
431
447
252
210
530
342
203
303
362
644
190
167
406
734
509
496
625
244
776
187
212
410
580
408
776
325
127
601
454
497
256
47
429
222
336
16
254
700
767
571
535
571
373
626
267
709
342
741
763
743
561
112
211
554
389
26
323
352
81
478
24
634
406
391
503
791
10
373
117
630
508
284
662
364
288
491
352
241
438
362
603
597
443
124
295
208
11
548
474
663
656
516
629
459
332
641
193
331
800
386
779
265
759
216
634
122
242
23
9
327
560
33
421
161
89
420
132
177
103
634
352
622
114
271
111
583
86
320
800
480
132
414
276
185
34
273
23
682
735
153
474
427
375
528
110
15
223
236
62
657
174
224
457
647
41
610
123
339
105
327
296
281
522
459
196
330
627
237
738
286
61
374
134
449
705
122
649
452
131
599
745
20
277
602
458
680
553
546
685
563
791
508
364
538
295
621
335
128
284
110
14
572
254
785
35
492
97
130
170
419
631
201
345
318
239
620
406
404
552
178
26
587
246
2
544
552
367
585
105
158
83
666
719
72
758
527
228
433
108
686
102
272
47
264
97
530
112
315
674
591
344
790
212
799
57
285
569
581
502
418
517
617
779
691
506
260
635
564
220
468
20
545
689
720
449
501
343
21
716
137
1
94
653
404
559
50
148
528
458
535
463
349
313
5
216
607
674
694
190
483
416
249
271
799
318
229
511
279
589
171
87
763
104
452
573
173
129
297
91
609
391
514
111
382
727
694
719
193
284
449
502
640
357
228
111
748
417
437
765
431
249
471
325
437
266
549
506
520
189
136
674
787
613
617
41
744
405
351
258
29
379
361
501
80
637
344
426
684
686
708
337
612
653
31
203
91
731
6
664
166
535
563
670
74
439
528
50
383
421
486
487
406
500
403
304
759
701
666
531
706
122
340
173
663
798
389
220
274
720
746
140
46
514
141
33
234
658
699
62
424
284
717
593
50
217
162
571
312
793
430
95
308
121
203
549
111
352
622
556
636
316
149
138
386
308
636
737
663
41
526
545
743
398
409
243
500
609
378
41
407
389
536
672
517
125
684
527
782
359
382
335
510
403
651
38
678
127
450
625
213
432
558
782
351
719
621
740
512
701
160
399
250
341
27
619
729
701
284
733
440
647
504
441
701
490
17
211
735
504
388
325
328
156
798
794
789
51
495
533
474
644
598
129
706
92
796
21
596
138
126
483
114
628
321
30
667
788
746
422
48
403
773
626
340
705
355
408
76
142
225
155
134
71
355
434
566
624
415
49
698
570
598
790
671
770
221
403
62
710
570
627
670
324
235
138
573
689
671
221
585
691
488
619
392
732
8
759
87
547
232
179
464
385
136
266
292
132
432
266
424
787
133
269
333
31
536
707
199
226
408
477
111
280
360
280
356
406
522
419
492
491
763
591
440
657
504
403
453
656
94
121
223
592
304
201
576
120
657
687
214
424
401
427
67
559
228
565
766
42
558
683
502
186
379
89
407
353
43
388
325
248
746
627
293
48
478
26
91
163
89
260
750
182
431
700
328
494
97
664
378
235
184
611
220
645
653
582
81
354
260
466
425
306
378
332
192
135
403
661
452
788
790
597
179
512
309
420
99
487
131
789
412
174
362
255
192
385
757
392
778
554
776
689
660
80
16
408
690
522
756
750
60
