1
2
5
6
8
9
10
11
13
13
14
15
16
16
17
18
20
20
21
21
23
23
24
24
25
26
26
26
27
29
29
29
30
31
31
32
33
33
34
35
37
38
39
41
41
41
41
41
41
42
42
43
43
45
46
46
47
47
47
48
48
48
49
50
50
50
51
53
53
54
56
57
60
61
62
62
62
63
64
67
71
71
72
74
74
76
79
79
80
80
81
81
83
85
86
87
87
87
89
89
89
91
91
91
92
92
92
94
94
95
96
96
97
97
97
97
99
102
103
104
105
105
105
108
110
110
111
111
111
111
111
112
112
114
114
114
117
120
121
121
122
122
122
123
123
124
125
125
125
126
127
127
128
129
129
130
131
131
132
132
132
133
134
134
135
136
136
137
138
138
138
140
141
142
144
144
148
148
149
149
152
153
154
155
156
158
160
160
161
162
163
166
166
167
167
170
171
172
173
173
174
174
177
178
178
179
179
179
182
184
185
186
186
187
187
189
190
190
191
192
192
193
193
193
193
195
196
196
199
200
201
201
202
203
203
203
203
207
208
210
210
211
211
212
212
213
213
214
216
216
216
217
219
220
220
220
221
221
222
223
223
224
225
226
228
228
228
229
232
234
234
235
235
236
237
237
238
239
239
241
242
243
244
246
247
248
249
249
250
250
252
254
254
255
255
256
258
260
260
260
261
264
265
266
266
266
266
266
267
267
268
268
269
270
271
271
271
272
272
273
274
276
277
279
280
280
280
281
284
284
284
284
284
285
285
286
286
287
288
292
293
294
295
295
295
295
296
297
298
299
303
304
304
306
308
308
308
308
309
309
310
311
312
313
314
315
315
315
316
318
318
320
320
321
321
323
324
324
325
325
325
325
327
327
328
328
330
331
332
332
333
334
335
335
336
337
337
339
340
340
341
342
342
343
344
344
344
344
344
345
349
350
350
351
351
352
352
352
352
353
353
354
355
355
356
356
357
357
359
359
360
361
362
362
362
364
364
365
367
367
369
371
373
373
374
374
375
378
378
378
379
379
379
379
381
382
382
383
383
383
384
385
385
386
386
388
388
389
389
389
390
391
391
392
392
393
396
397
398
399
400
400
401
401
403
403
403
403
403
403
404
404
405
406
406
406
406
406
407
407
408
408
408
408
408
409
410
412
413
414
415
416
417
418
419
419
420
420
421
421
422
424
424
424
425
426
427
427
429
430
431
431
431
431
432
432
433
434
434
437
437
437
438
439
440
440
441
442
443
445
447
448
448
449
449
449
449
450
450
451
452
452
452
453
454
456
456
457
457
457
458
458
458
459
459
463
464
466
468
470
471
473
474
474
474
477
477
478
478
480
481
482
483
483
484
486
487
487
487
488
488
489
490
491
491
492
492
494
494
495
496
497
497
499
500
500
500
501
501
502
502
502
502
503
504
504
504
505
506
506
508
508
508
509
510
511
512
512
514
514
514
515
516
516
517
517
520
522
522
522
522
525
526
527
527
527
528
528
528
528
530
530
531
531
533
534
534
535
535
535
536
536
537
538
539
540
544
545
545
546
547
547
548
549
549
550
551
552
552
553
554
554
556
558
558
559
559
560
560
561
563
563
563
564
565
566
569
569
570
570
571
571
571
571
572
572
573
573
574
575
575
576
580
580
580
581
582
583
585
585
586
587
589
589
591
591
592
593
596
597
597
598
598
598
599
601
601
602
603
603
607
609
609
610
610
611
611
612
613
616
617
617
617
619
619
620
621
621
622
622
622
624
624
625
625
626
626
627
627
627
627
627
628
629
629
630
631
634
634
634
635
636
636
636
637
640
641
642
644
644
645
647
647
649
651
653
653
653
656
656
657
657
657
657
658
660
661
662
663
663
663
664
664
664
665
666
666
666
666
667
667
667
668
670
670
670
671
671
672
672
674
674
674
678
679
680
681
682
682
683
684
684
684
684
685
685
686
686
687
687
689
689
689
690
691
691
692
694
694
694
695
697
698
698
699
700
700
701
701
701
701
703
705
705
706
706
706
707
708
709
709
710
710
715
716
717
718
718
719
719
719
719
720
720
723
726
727
728
729
731
732
733
734
735
735
737
738
740
741
741
743
743
743
744
745
746
746
746
748
748
748
749
749
750
750
754
756
757
757
757
758
759
759
759
759
760
762
763
763
763
763
765
766
766
767
767
770
771
773
775
776
776
776
778
778
779
779
779
780
780
782
782
784
784
785
785
785
787
787
787
788
788
789
789
790
790
790
790
791
791
793
794
796
798
798
798
799
799
800
800
