4898
721
4091
7272
1003
5810
2049
869
7680
1468
2052
905
1164
5414
3447
4981
7121
7414
1147
3710
6533
5264
6542
657
1158
6128
848
4273
5626
1075
4467
4189
7943
4175
5951
973
4780
5540
2624
6362
1722
2218
6797
1085
1971
6153
1909
3439
3709
1159
583
1584
6339
3419
3134
4836
4265
5793
2503
7959
7849
2919
945
7585
4623
164
7600
4133
3213
968
1934
3571
4604
3823
751
2702
1328
1071
5759
7815
5558
1488
4218
7752
6060
7515
3543
301
1085
7371
338
6156
2809
2848
3797
2133
3789
5587
4866
3285
6115
356
4512
5397
7385
6607
1503
2719
1814
1501
5321
7712
7055
6166
711
5737
4885
980
2638
6607
408
7538
1380
6835
5756
7332
3987
4956
278
3809
3624
2560
7427
5434
7272
5666
2405
7566
2257
2901
6331
1430
7432
1310
5468
7644
4516
2167
4368
5577
149
4464
2187
1819
2994
1969
1543
2549
6623
1498
5692
2704
2647
11
639
7184
2524
4159
4853
3889
2104
2835
1394
1056
750
3493
6130
38
5314
3031
2738
7359
4706
7795
1452
7113
2672
2281
1198
2904
3885
1651
6934
7078
5379
793
1964
2472
1711
1744
3228
1595
4489
446
2382
4413
7217
2137
6052
1849
7768
1837
3023
3450
7400
2364
3790
6016
7761
5695
7365
5584
6641
843
4406
7270
1759
1743
3166
6086
85
5242
302
5937
887
1721
5860
5618
1476
862
5894
4503
344
4892
2939
4541
4955
7727
5766
7941
842
6488
2783
1827
7776
5318
6320
6485
6624
3537
6377
6448
5890
159
7808
2453
6584
7337
3977
3907
6555
4184
4589
4870
4215
1545
6602
462
559
7984
2215
6618
7055
5912
6354
7763
1388
3912
7512
2549
7802
7873
225
6248
938
7973
5029
2733
5053
2610
1103
564
4458
4779
1388
2890
3944
3671
2832
6511
6169
4451
2118
3334
5779
226
5169
7845
7115
6965
4227
4748
2080
1542
5465
179
4162
3758
4530
4348
4221
5303
203
1480
1958
1851
5848
6949
5664
3051
3744
7461
2827
3948
4406
5258
7435
2075
7311
797
6320
6897
4357
7198
4039
1986
6055
3477
4092
3423
4730
1735
4970
156
6033
2308
5057
3372
4420
2013
3731
6824
6288
4788
3643
4654
4235
2924
5226
5286
1218
3326
1167
5216
2481
1773
3235
2329
2078
18
3854
3997
7506
785
6457
4806
2421
1004
3249
3554
1925
5622
2292
6835
3250
159
7836
2064
6362
2670
4837
6184
5788
4238
5341
2022
7643
6399
3303
2033
3281
6637
4011
2571
6861
1310
5342
4313
7434
1092
7849
2305
1390
4402
1336
4463
1436
44
7202
4723
6518
7895
2352
2436
4018
2191
6220
3112
407
4183
3528
6059
1301
3371
3463
3724
7103
7346
6988
248
7334
2191
7069
1326
3475
7511
467
641
2144
797
6593
1020
3891
3496
5311
7839
2200
1862
594
5576
5947
1210
2809
1197
2495
7440
6550
2182
5501
2386
3640
1927
7836
3859
7169
5131
2505
360
5049
5708
4115
4406
5998
4943
422
1831
7877
7453
3106
7159
4770
7595
3928
3882
3503
7963
6625
6560
6093
6299
5146
5504
2453
4908
6143
338
2697
253
2083
2793
7133
5045
5001
6717
155
4752
6627
3287
6071
7969
5220
6373
3631
4725
324
1517
3422
2008
6992
7647
863
7857
6187
2307
152
6088
5477
273
4458
6184
373
4959
6643
3360
1430
3957
830
5219
5756
2236
3592
5839
5362
5205
2800
2379
7314
4359
6650
4041
4768
7568
6527
1259
1027
284
3061
6210
3552
6739
1623
1905
2964
7757
5809
5232
7950
5857
4042
3372
5192
4315
3117
7820
7712
1611
2326
2319
5463
5562
3702
2321
6885
1976
6563
3628
3894
5713
5535
5307
6597
4830
4867
2874
5396
4983
3849
5129
325
3910
3123
6864
1240
1207
7130
7036
2818
1931
5142
2662
3750
5772
3079
5077
7666
5723
3326
7962
3673
1893
4236
6490
6632
2612
6948
2536
5511
7329
2095
976
5711
2088
6381
7601
450
3220
3522
514
6763
1433
5157
1525
7763
6016
5344
6200
7069
5949
2756
1880
2751
3164
5741
2688
2397
6938
7598
3232
7236
2448
4888
7785
6015
7178
7532
6836
218
6070
4955
3074
1969
3896
7285
4766
2803
5082
5302
159
1721
5217
298
2378
189
1211
6009
1492
2360
4628
83
4804
2524
2631
4792
5303
363
5937
7204
1277
1202
4642
406
1505
3686
7853
2300
6919
2201
31
5053
6189
6105
6860
5026
532
550
197
5986
4472
3149
3557
1864
2490
7333
1611
7939
2911
7333
6434
2634
305
3745
1179
5546
1091
4703
3516
7853
82
5978
7314
5033
7111
5010
7426
7010
3610
6350
4542
2141
3664
6768
1363
3970
4388
819
2270
3692
644
6787
2462
5713
4914
1144
4581
3401
2315
2225
4585
1852
485
3401
2551
1453
6609
2361
1095
6045
5375
4874
3178
7965
5249
5812
3808
4468
5160
2200
5126
2792
7819
3095
4844
6061
5414
2829
4485
5031
2974
1902
5815
3294
6178
5307
211
1021
7598
2016
5087
327
2153
3309
1038
2391
7662
1839
1361
1362
3176
5803
7366
3819
2967
4086
5327
6802
2735
4148
3966
2618
7519
2027
3820
2629
1583
3971
5481
5839
4354
6364
333
1684
5435
844
1133
2239
4220
4787
3433
1936
1674
3517
1123
2728
2189
7860
2314
1716
4019
1344
3156
4788
3699
7484
3850
1831
6575
6965
5565
3797
7026
3713
7254
1208
4249
4730
5515
2760
2639
2134
5998
5410
3121
5092
2079
6932
4112
2853
1314
1095
4052
4101
2891
2122
893
436
5590
4215
1477
2342
3411
6212
1314
6883
3390
4392
4775
5067
1773
7271
7178
6762
3234
4860
640
5492
1536
1762
1861
4829
2395
4736
632
87
2920
6895
6690
425
339
5033
5079
2857
2160
2383
3125
2710
2249
1366
2313
5908
4757
6288
6866
1028
5130
6931
1245
3967
2698
7112
1743
4528
5880
2706
3777
5899
1902
3480
2693
7086
263
4401
776
6930
5079
4203
1104
2990
6842
888
5796
7208
3850
5046
3402
7416
5354
5977
1771
3484
63
696
3539
6130
2943
4528
277
5173
5857
5561
2443
6742
564
2883
5627
5942
1868
396
1430
4926
5142
5889
1818
28
6861
7118
5143
1050
7429
4
5326
220
101
5734
4212
5430
4082
6032
3031
872
2758
3653
216
3511
4191
1299
6486
3561
3859
3045
6251
5724
3041
3365
5456
5763
7012
524
1116
7614
5537
2567
7849
4245
3967
775
6167
6482
2262
7910
2666
6968
2271
6513
2063
3683
2764
470
5500
1405
3121
3051
4277
5850
1823
7128
4842
7921
4306
6179
7357
1592
1856
5526
6370
7323
5969
6415
2336
6296
3118
5348
2420
1594
5299
6128
7252
4271
7678
255
6929
1096
105
2450
4053
7630
5972
655
4044
3451
5275
1544
4448
284
4647
6118
7836
6017
2208
1330
5106
6365
640
3967
1176
7361
7363
6840
3596
2480
7674
642
5689
6750
127
2381
3762
394
7363
7740
4187
6389
5827
7662
5606
125
6170
5929
5179
5211
5423
2979
7729
2486
3918
3884
825
2785
981
1339
1179
5688
453
2835
5912
338
5112
4625
2989
1187
3441
3605
1337
5873
4111
5643
5174
1265
1692
5141
4067
2942
6722
2903
2626
7157
2205
1374
2493
6063
812
3501
1508
6364
4640
1574
1233
5496
3223
5010
7021
1325
1314
5453
6987
3781
2370
5585
7282
2442
2226
6557
5944
573
5406
2817
7113
7343
4913
4425
3911
6655
7564
451
3532
1136
4754
4271
6282
1125
224
4867
1108
1340
6298
6424
6133
2373
7393
7540
4094
5534
7520
2421
4830
5932
6726
6358
5673
5880
1102
7073
5179
7459
3385
5105
6134
199
7326
2083
6118
5804
2263
5657
5958
2596
3677
5226
412
7556
4078
2089
127
5695
7018
1617
1337
4512
446
1034
2119
228
6263
6682
3325
1265
4472
1835
4678
5367
5447
7924
7817
2466
5441
7751
2856
2937
4910
2231
1890
2518
4655
4132
5656
7170
4372
3301
5037
6316
5578
3600
1478
2054
7409
1769
433
5437
6348
1188
34
6675
7762
4184
2136
2586
4449
387
7646
655
1298
7604
5101
5328
3367
4889
5742
1403
4385
6565
4638
5605
623
5981
6475
5108
3584
6656
3387
410
3065
4561
4459
5870
2115
194
4597
168
7291
1663
6347
2489
4557
4820
7135
3141
7515
6395
1509
702
5398
4998
624
3230
6448
4389
1145
7681
2792
3733
4479
2652
4484
5222
6920
5406
4125
7526
197
417
7188
175
3987
2893
3554
5642
2334
1546
3854
6335
6112
1375
5047
5755
7943
5036
1745
3931
3637
6656
3053
4187
3873
152
2416
1046
4442
1717
5349
2809
3180
3032
3503
5640
2715
5789
7383
4492
332
2994
7108
4312
5188
3954
3336
2935
1159
34
4054
2293
2146
7558
7058
582
1157
3297
5441
4310
776
7304
4960
4717
4430
3362
2448
4094
2183
3838
1518
6733
6351
6481
193
6332
3636
7243
973
880
4117
6996
3844
6436
741
7720
7772
842
3471
7820
5756
1433
1332
2155
6543
376
7695
5010
4219
197
7802
3845
556
7298
7305
7612
1738
7900
1364
4861
1609
2714
7955
6231
5918
4383
673
7800
6223
5147
1187
1132
227
5076
7426
3506
3833
4045
20
765
1205
2704
5272
6724
277
6173
3936
966
1185
3695
2889
5854
5697
103
3878
126
233
7064
5819
7947
4591
942
7333
5077
7484
3003
6103
817
3425
2975
5247
629
1089
1044
4743
1616
1452
3284
1335
5443
6733
5607
6839
6848
3769
4620
4850
7709
5223
5251
5015
3381
191
373
6585
2076
971
1537
5718
1212
1738
5221
1013
657
803
5060
1128
1853
2167
3289
6321
3912
143
3833
6721
7928
5812
6078
3228
3145
414
6102
2520
3082
644
7974
7171
6740
5330
5788
7588
2599
6137
4944
474
5922
4896
5270
1826
7775
4344
5666
6516
3945
3565
216
3724
4763
2424
240
262
2838
2129
7939
5730
1310
2050
3828
3048
6417
7703
2109
2917
198
1458
277
2451
7614
1339
2875
4118
2697
1972
4002
5539
633
3114
7225
5243
2683
2759
1494
6357
1175
2373
6654
6554
5060
4349
2387
1930
2024
349
6747
4028
44
6008
105
3138
377
4344
3946
7851
3729
2350
7502
1570
6476
2698
5072
1907
1133
614
7972
7086
2528
4924
125
7204
466
7929
1016
7246
2989
3241
4712
3470
1071
6609
3134
5645
5286
2139
1109
6979
2442
7980
2072
5204
1718
5778
7633
1752
3013
601
4686
307
4485
5308
5874
1891
7131
4473
5589
1945
243
445
7321
6590
4641
4991
6858
150
2393
5993
4593
1922
4743
5360
4086
1375
6924
3717
1455
5708
982
99
4873
4810
4507
5513
4881
2940
5298
5762
4064
333
2382
5791
545
1520
663
5831
5376
7427
6887
5733
3953
6541
2846
6655
2074
3750
3298
7847
158
3190
3830
2122
7943
1941
2998
7397
6991
5266
2476
4952
6859
2255
7763
2899
6965
4042
1382
7661
6996
6390
7651
5331
2442
1223
3489
6749
7098
13
5835
4348
5332
632
7096
3024
4350
58
7208
5334
1632
6346
2078
6271
3212
2116
7061
1307
4425
6445
2464
244
3643
661
6497
6392
6896
4245
1317
2573
1289
568
3035
3785
7171
950
7535
5946
7649
7835
3208
4703
1912
71
7514
1082
1878
3534
1640
6525
2640
3391
6938
1185
4967
1858
7798
4182
6486
7579
6398
3477
4475
5067
38
1937
6559
3029
3121
3915
6180
6174
7271
325
4490
7150
7477
3662
7326
3091
3809
2620
3327
4004
4776
5112
4878
7907
3381
627
4530
4988
2304
4215
1092
6826
6914
2328
1246
1401
3472
3401
4411
7078
155
3467
2123
4578
7043
1215
1110
2869
4051
157
4170
3200
3101
4093
3811
4315
6643
2899
4917
1628
6335
1336
2841
3897
7424
419
1458
2437
3362
3638
3675
3478
440
2420
687
4360
6296
3729
1204
2330
4499
674
5604
1589
6031
2996
3546
5517
7107
6968
5142
6048
2895
2780
2669
6492
3062
1140
5968
4382
2169
1111
2678
980
4881
839
3817
3651
5256
776
1450
2276
6452
6737
2498
1578
5969
1120
359
1311
314
5352
4999
6636
5124
1574
5683
6711
5687
3026
6891
1063
3946
2160
2818
195
3706
6341
6382
5560
2918
1319
4270
4153
6474
1134
7000
3905
7478
3719
702
3124
747
4518
4348
3171
625
3803
5281
3566
1304
2750
3640
7684
3785
4037
6450
6407
6919
5940
625
202
2824
6835
6899
252
426
6331
4633
30
20
2858
1235
3248
5034
3191
683
3306
4396
3263
4074
7014
2924
6142
4906
5595
7850
2329
6074
5123
6733
3863
4327
3934
4864
368
7469
4432
551
4030
6394
5798
7613
4752
795
7798
2764
7966
5510
6372
1607
6742
4163
1281
327
7381
1911
1485
7009
945
14
605
5472
179
6212
3672
2084
7842
5329
1755
726
2042
2671
1981
4422
4668
7881
7340
5348
4767
5249
3766
4888
7396
5726
7204
3262
5831
1105
6273
5185
1873
6882
5688
4307
2186
4796
1499
6662
4492
2257
4736
7114
7603
1643
6
3396
6065
209
4533
5447
318
7890
3139
2161
876
1201
4211
1188
3416
1068
7704
2144
1277
427
3064
5242
7778
5890
4363
891
1780
5219
6051
4056
494
3619
2789
4937
4852
4839
4149
72
4160
6507
5744
871
6131
1070
5907
1166
1165
6398
4409
1808
888
4699
3841
5802
6271
4363
7246
5335
3548
3194
7271
2643
238
2443
7807
1450
2569
127
4112
2619
5032
4544
7712
526
253
2059
4006
2767
6057
1784
2501
423
1031
1832
2871
3318
6627
4682
7045
686
777
5065
4402
6415
3575
3542
6456
2747
2100
4493
1962
5749
634
5255
3896
1978
5774
5307
7633
3708
7281
145
3043
375
6830
6021
7934
4402
788
6772
2902
1748
638
4999
4391
3041
5902
1401
6707
3215
6904
3014
2471
137
4922
1009
2460
3263
7530
5042
4857
5096
1959
1531
6517
5269
3569
6118
4986
6835
7573
61
4517
1821
3329
3237
6442
2524
2742
4263
405
3132
7834
5532
4907
76
1133
7605
47
2289
84
4197
4288
2343
3473
3499
4639
6422
2068
3135
2447
6284
6634
2840
5845
1565
5908
2968
4063
3284
371
725
1857
1621
3358
2949
6746
4945
5526
5253
1685
1380
3089
3334
5515
2638
306
1557
1542
844
2970
3653
4833
3090
7448
6650
331
6504
1084
853
746
286
5641
5687
7068
941
1480
5620
3864
7532
6265
4566
1395
4203
3429
1931
767
7600
1487
364
5454
5004
6344
4138
2388
1176
3298
791
5738
7121
6780
2319
1903
1869
7549
769
7561
6298
3420
4637
3401
2930
2075
7708
3885
5724
595
5095
2942
5793
7147
421
6938
7721
5602
7524
4748
7027
3596
3619
4887
2542
3354
5817
6674
5686
1297
2918
4845
3566
7581
7925
2641
3574
3327
2058
6822
7241
737
3214
4526
4790
138
7859
2574
3897
7916
3750
3437
3958
4251
1041
5621
3857
4760
905
1527
44
460
539
5227
894
6928
2862
4565
6861
6441
7637
3266
4232
4753
4468
5681
2243
2416
4555
1423
2319
1066
7396
1691
5173
17
2965
7273
1871
3259
5875
66
2244
2095
1811
5160
5406
7353
318
3767
3850
3997
2800
2086
2091
6952
845
2413
5466
5666
4513
705
7359
3487
3154
3579
6341
2548
3301
5079
6717
2311
7913
2647
4433
7744
5124
1991
354
4508
7320
7516
4417
7584
1233
1590
5383
2922
7501
7557
3794
1506
5865
6023
6044
6288
5924
7279
3897
72
499
1185
1773
5120
3169
4314
5159
3842
5919
3245
7966
7868
4079
6248
6215
6709
2857
2197
1584
5978
5033
3356
4604
1591
5142
3270
7611
7169
4751
476
6757
5583
5299
5742
756
4777
6989
303
1627
3769
3675
4606
4518
1375
1658
1664
7599
3616
623
1512
7034
2110
3092
7704
494
226
6109
737
7601
3126
3142
7207
926
6799
7131
1760
870
5832
4067
2939
1408
4394
2218
2781
3086
4487
3626
2374
4366
5350
2517
4434
5625
2200
1858
5020
4348
7593
4273
4541
6672
242
4412
3762
2104
971
2653
4635
5014
3679
4758
7136
2155
7768
3009
1774
2410
2168
4724
3743
3639
5129
7440
3896
3457
6765
4967
6796
7544
4431
3847
7549
1261
506
1639
3810
134
392
4141
5444
3226
5618
4954
6019
3119
1671
6227
2390
5325
7864
3277
3760
1086
6864
5139
3005
933
1600
5239
75
3257
2136
5203
5510
5660
1938
59
1756
156
777
4353
3967
7301
3975
4835
6793
2784
955
7061
1273
5773
5769
4135
7323
5176
6140
1300
3334
4475
4183
806
3007
6992
5513
4424
2683
7345
3390
6186
3778
6414
2450
3595
2415
7466
6048
3174
5652
7379
4217
4155
7162
7612
3505
5624
3270
5112
3539
6916
4023
149
3572
745
3275
2579
229
539
2433
2560
2434
6441
5818
1841
167
5631
3833
1887
6722
1813
6025
5019
900
1016
6462
3183
7601
7347
5587
4755
7832
7194
690
6793
5532
5810
4307
6230
2800
7552
1084
669
1441
6381
422
4761
6925
4371
384
5750
5553
1702
2317
3789
5152
3009
2728
7802
7760
5068
6888
3740
911
2952
1502
4457
5395
2679
251
4971
5166
7083
3343
1947
6752
5545
7596
2776
4870
2808
2537
5764
6513
5452
1218
636
6226
586
2525
3058
7441
5752
1255
5416
380
2499
2333
714
1436
3883
2599
5993
3684
3471
5790
1552
1923
2448
3566
5317
793
869
7319
2013
3269
4859
7693
1852
6685
7047
2496
6505
4983
6249
2870
3274
3044
3902
6867
7808
7869
6658
4411
7649
1173
1248
5006
3278
4878
601
1554
6065
7
5388
4527
278
1715
4135
1363
6242
1989
2667
7862
2996
135
7573
3895
5718
7818
6190
4261
7071
120
433
4891
3497
2437
596
5059
1387
4676
6069
699
5810
2582
4514
596
1473
1085
6213
6263
1
6350
4522
4962
7462
1221
3631
6032
161
6258
4359
3255
6075
82
2282
7915
7637
3321
4829
6560
7737
6890
2905
4044
6364
2313
5787
6187
7794
4327
4295
4764
46
3965
7738
1449
3797
181
7787
612
1214
4385
4028
5868
5288
1166
5027
5263
3320
5107
4911
4745
7821
4
6586
683
5954
5220
5226
2135
7039
5303
5411
1704
5052
4757
5965
6062
2260
1434
2941
5782
1153
4826
130
7657
2042
5810
2831
5099
2982
2938
7424
6755
6459
3606
7306
2363
3448
4204
6084
5245
3515
4399
6284
189
2240
2906
4695
4758
502
3321
2137
5644
5887
2977
7245
5073
4485
4544
5665
1507
7540
975
2498
5010
151
4772
4479
4383
5586
7331
156
4672
2297
2517
6262
1153
6220
3537
7694
3716
3473
1366
7283
3881
3084
7227
7504
4105
7196
2109
4112
4571
1589
56
4137
2361
7093
6129
2956
1533
805
7824
5095
389
6671
7467
6677
3991
5239
892
4132
349
4471
7413
4992
4177
5562
2858
3904
2484
7253
6189
7373
1271
5501
7864
7339
6525
1385
2114
2341
6200
5957
3316
7577
3184
2447
7797
797
5538
1938
7266
1677
7301
7549
345
5107
1000
5792
5428
3537
5175
2434
7892
4685
3164
7201
7699
890
7233
5959
5019
2623
3060
6085
1877
6950
7204
4751
7033
4675
5192
947
2116
7934
799
4599
328
4480
6354
7055
4637
822
6837
4344
3445
2885
4524
3892
2125
6026
3946
3106
4416
2764
3221
2041
7414
7553
5574
3105
1337
7417
4012
2158
1000
6059
4367
7546
516
2139
3954
5021
7207
1956
4755
1675
7637
1127
6796
7819
2155
528
1243
3728
1076
1154
7423
6454
3611
223
3961
5338
4538
5173
7026
4822
5521
1800
3579
7576
4050
760
3374
7517
5912
6287
7092
4623
5880
361
4577
1273
4720
5504
57
7011
4733
7956
3990
4943
3016
1651
2273
14
4224
1834
5757
4287
5315
1416
4996
4069
7221
7179
7849
5284
3955
2218
1725
4504
610
190
717
6099
2977
6670
6824
6705
3869
1077
6654
7576
66
5042
6435
401
719
4044
7603
7550
2242
4896
6160
4215
6515
6153
2631
1413
317
4266
3345
2874
7958
2715
3317
7275
6784
4781
1419
5004
7704
2396
1371
742
204
5328
7459
6135
554
4688
4599
7206
7315
7940
3523
7841
7118
5860
3372
5525
5881
3587
5141
201
7578
3890
3134
7000
4243
3986
4422
6793
3508
890
1361
2444
4587
7808
708
660
3990
680
6573
3403
7481
7015
960
6007
5067
7122
4220
5927
7339
3304
45
281
3568
7032
3466
4012
1885
6257
3518
1148
7859
6276
7492
7071
6177
4280
2475
123
2327
778
633
5250
2552
4222
940
3276
622
6022
4059
1807
6231
718
2556
2557
3613
1378
4927
1659
3683
3517
6167
2489
5595
1071
3480
1586
244
1065
2619
2050
2097
2152
2559
6687
5525
3004
6378
7157
6586
6580
1774
226
2946
2792
1190
1355
1572
2787
1279
7449
4008
1963
3060
3348
238
5037
6897
6490
2727
7946
2521
5243
6439
5688
3363
5940
3155
22
3039
6407
2549
2129
6935
563
7726
2156
912
789
6283
2671
5808
155
6704
5486
2553
2081
4464
308
3827
2666
5823
7693
4392
4860
2559
4525
457
5912
4982
1984
7214
2964
7009
6159
4923
7639
5473
1100
7262
6001
2516
6138
7220
6996
1983
6715
4939
6067
5223
6519
6850
7478
4735
7334
5901
4375
5051
3195
6101
5788
3331
7470
2876
6641
2499
5988
190
289
607
1852
691
7473
6980
2936
4209
25
3098
2438
1934
6816
2069
2283
3267
3219
6827
2955
2156
481
2144
7895
5291
7830
3388
3475
3181
498
5278
2818
4420
5798
4779
3313
5300
7914
351
5854
3657
3645
5059
5123
7653
4538
2751
7490
2776
5396
519
6702
296
46
5809
1587
688
6554
7207
4004
3556
4971
4152
287
4594
6136
2889
3487
6148
7984
936
7454
7266
5333
3841
229
5621
6871
4585
5361
2790
4430
1176
2628
7205
3666
2548
7173
3334
3322
968
2324
3141
688
7507
110
5482
1582
3005
250
3656
7767
4964
1198
6303
436
6805
3617
801
3657
5911
3565
978
7891
5217
3904
5128
4321
6635
4672
1362
5580
5921
2456
5813
3093
5940
1380
4753
3673
4235
4405
1059
1907
7320
5377
2532
174
4677
2986
7310
3045
1932
5673
2622
1338
1446
1111
5940
3695
6043
5656
6136
2660
1656
6308
856
3885
4639
1907
3212
143
1208
1669
954
2136
1733
3083
5972
7128
3092
7285
3615
2367
7565
857
5199
7445
5547
7548
2255
5008
2824
3329
7900
1173
3984
3116
3921
4494
1816
5457
7293
3300
4743
6813
3248
2649
3186
7808
2133
4869
4742
7926
5305
1964
798
2865
7658
1144
2741
5029
954
215
7925
7983
2531
3571
5742
4643
1988
5066
7138
432
5642
6379
5245
1458
5610
1804
7522
2964
3018
7434
3936
2080
1343
7677
3
1125
5041
4599
3015
7876
2971
666
7656
6807
1775
4051
3732
5629
4502
2807
4802
4102
3349
5944
3932
3896
6859
1732
1048
4092
663
2234
7269
488
7062
2185
1984
1002
5450
6887
2405
3277
5846
3883
6691
6123
4133
7624
5064
7408
6379
1575
4476
2630
1924
2016
7978
3618
6968
6036
1817
1579
5856
6569
601
6530
7010
867
3864
3250
1175
924
2964
4086
7822
992
1323
929
3114
4071
1038
1006
614
3311
7828
4644
569
6838
1707
6245
5652
1169
3945
7124
5513
2412
1792
7329
6405
287
656
5555
6526
6633
2775
2097
4136
6731
6659
7916
1760
7875
1128
6828
1580
4963
2701
1557
7194
6670
289
3381
2052
6479
3851
1069
2165
4310
2911
1658
5158
7440
3372
5152
7585
5474
1842
2930
6023
5057
5361
4032
7277
689
1116
6173
6624
5463
5805
2827
3081
445
3282
6982
5100
7587
5189
6762
7882
508
1977
4929
2727
6796
1520
6125
7142
5211
6953
238
4496
982
5623
5585
4275
6019
6125
3574
1895
6687
694
5628
4588
5463
6401
6667
7471
1375
153
5437
5355
369
1938
2282
4140
7397
1439
846
1072
2281
6785
3033
7206
1758
6106
1940
3992
7504
6176
1323
228
6927
749
6747
613
7470
3506
7416
562
4184
6668
7195
7292
3594
5295
7464
731
5040
6782
2552
4834
2400
5501
5159
302
1837
1054
4347
6014
5161
4279
6575
1148
5883
2261
4892
3930
6488
6826
3267
3992
7393
7009
3193
7586
5273
82
1455
4501
770
3665
541
4962
1939
4001
2955
6667
3287
6
1020
5515
7012
3640
5239
6802
7927
2868
2995
46
553
1964
3166
4613
1616
7006
5706
5119
5685
1026
885
6272
3373
5020
2163
1235
4374
2034
1530
5986
5872
1816
5450
161
6549
1639
7735
843
5590
7628
1748
6981
2612
7164
3646
7326
3448
1029
7042
2296
623
3584
2540
5568
5254
1379
6701
3032
2557
5939
5927
1175
3403
790
3801
6886
3215
326
354
7243
2158
2914
5363
1410
7693
3934
7062
7879
492
3099
6805
4337
349
5522
264
5112
6433
6505
4415
2263
7710
1384
3144
5005
7294
4549
2717
2813
5222
6299
4973
757
2001
889
6341
2891
7817
1815
3483
6179
4226
4836
2359
4814
3091
7483
1470
6477
2385
7347
7837
5747
4938
1493
2446
2856
4379
7657
1738
3209
3247
5545
6475
7789
1556
3799
573
7747
2939
2858
3201
6295
3724
3044
5404
1715
3620
2623
7106
2338
6252
2245
6203
5008
7127
319
2544
1421
5815
4613
597
304
5757
6964
7474
6680
6155
6142
6159
7630
1528
1308
3003
7558
5471
4510
7289
5765
6500
5602
2056
6236
1349
6755
7694
4114
2648
7593
6240
4128
7207
7326
4656
2197
3812
2049
852
3098
5386
1715
6447
6096
6931
175
2494
469
5200
2903
897
7846
6184
4393
7107
2590
6639
6544
6792
3741
2850
2583
6867
7108
6141
1592
2641
1564
1849
4051
7141
726
3365
6650
3601
1965
5024
2537
2749
296
5937
3347
4456
3387
4355
6039
4072
5517
4160
2386
3103
3285
6664
6286
1980
3997
5198
4055
5803
4457
2639
7662
5723
7537
240
5335
3817
7881
1652
1613
1966
417
4311
6166
1442
6569
7305
7473
6699
2957
7754
1515
7302
734
286
5200
592
336
2606
1471
4082
4320
6587
2775
5671
1358
6143
909
3052
5064
4642
2272
3331
2535
7894
6179
3235
7826
6799
5561
3327
5952
6114
6368
49
3996
2681
3555
6723
4929
6129
3507
7706
7972
7440
401
3968
7377
6246
1698
4172
5262
7615
3556
944
3100
1153
7168
4575
5659
6249
6581
985
5133
7132
1460
3348
4339
2157
1227
265
1619
1898
6201
24
6811
99
5024
6296
6112
6392
7640
2623
5247
3422
4511
4075
7076
4206
4015
587
5033
7209
1384
6636
1750
3148
941
3812
1991
4172
7179
149
4971
1775
7186
3998
2920
4487
1928
3428
28
3595
4531
2680
7103
3027
7509
3941
1572
3824
3893
3673
542
3429
4695
7406
7679
3974
6157
2707
7036
6700
7526
1307
5420
4115
5701
1954
2287
7760
6030
2328
1452
5809
5561
7403
4466
371
4872
597
2688
6426
7125
1855
4768
2033
6341
6416
813
350
25
6039
6582
929
6307
529
2683
7657
597
5911
3860
1747
4148
487
5233
4224
1132
7181
1852
7505
6526
2797
6107
6146
3925
4976
2449
4256
4726
4553
2116
5992
6228
6947
281
5630
515
7977
1467
710
773
7409
3835
611
5249
7558
1426
10
6673
3024
3585
642
7418
5986
3033
7930
4215
4128
7383
262
6126
5131
6183
2552
7108
1067
7305
2647
1612
792
2257
1919
794
5220
4488
1044
246
3048
5297
3812
748
5866
5926
7065
321
552
4576
5847
3200
4931
7956
2808
2930
5899
3003
5281
7787
4451
3435
513
7297
7057
6049
5734
6104
1956
352
4091
5081
6850
5938
994
2561
6733
3277
6378
6165
1138
3345
7597
5684
1806
6702
4041
2052
2300
2979
4665
3342
6335
1249
3535
2342
5257
6158
2896
2371
1510
357
556
6637
6408
2106
5400
6228
2799
1115
7306
5756
7413
6930
3408
1302
2803
2376
3854
1003
7252
4100
6290
5041
6580
784
3606
4992
6580
1980
5841
2654
7389
4604
7930
758
7662
876
3802
5032
7491
884
7308
1850
6116
1287
2068
3563
4840
4869
666
4712
7940
3073
4098
2904
309
6940
5480
5586
4933
2768
3709
3182
7996
2633
6905
6649
7463
365
7804
7042
1534
6909
2693
6481
1396
467
5709
6391
2080
651
1
1665
899
6143
3163
6406
2869
4650
5596
992
7345
4654
168
1655
6585
1968
2109
1593
2343
3617
913
4710
1810
4440
712
4551
6425
3803
6543
3070
2127
7869
4312
6905
1987
801
5618
320
3178
5148
4484
7854
4076
5561
1765
4157
968
5462
7835
2298
3236
1259
6703
3351
4341
1259
41
2655
6471
834
3758
1860
1257
3391
4594
3284
1593
3660
3291
5642
2311
4824
5428
1409
3817
7957
3466
4356
7067
5725
7527
1152
7952
1328
3560
4443
5785
4056
2301
3933
4081
3693
4733
6604
1571
3381
676
4183
856
7459
3242
3304
1665
2240
6592
6172
1309
6567
7530
1551
487
1898
4020
4624
672
7507
2642
4852
3764
7428
5144
1350
76
5120
6162
4252
6127
6530
1281
1285
2517
2571
4723
5086
1546
2554
6461
324
7227
1555
6040
5603
6497
6562
5782
109
2375
5240
4415
423
4409
7060
2956
6749
6411
3102
6911
3830
3
4236
3357
2658
5156
6951
3273
4847
728
1512
1215
3835
6009
5372
3497
7876
3196
2983
6369
3163
2746
2500
7940
2423
6620
2347
2671
7398
1443
5035
3033
1631
1682
6838
5901
1650
6392
4700
6594
5664
798
7920
4121
7239
6537
1095
1522
2358
6060
2398
5418
6111
5613
4187
4021
2474
2962
4268
5781
7846
712
3212
7797
5850
4368
4452
5732
6202
2310
4942
3313
3637
5711
372
4639
2027
6303
7703
1733
7036
2597
1260
261
6460
5971
5536
7462
7042
2317
3517
273
5024
7533
1125
1637
6380
2929
7162
2359
6397
6082
3680
1769
3954
1889
4826
933
7212
5360
7441
3575
3803
7323
6771
3781
6454
1377
7992
4011
2180
6019
8000
1015
7256
2759
857
190
1114
169
7452
921
5247
95
1142
7936
1626
6472
196
704
6348
5872
2712
6428
4375
1090
25
6078
5841
1035
7367
408
4660
4199
4955
412
7570
586
7180
6356
102
4973
3054
4446
6661
2706
5045
2632
4019
5878
2904
7300
2833
2515
5521
3848
6388
6607
6720
837
7314
5252
3183
65
6870
5613
4657
3859
5971
2345
5091
4923
468
6831
5332
5723
1105
5199
1345
2710
1919
4641
633
6852
959
7180
1631
5967
5046
2676
3022
7853
4924
5185
6423
6906
941
6281
869
176
7198
1881
1218
3334
7530
3301
5490
2595
1642
5129
317
2366
4290
1723
2443
4116
4184
7120
1383
3204
1056
4263
6758
6154
7059
3766
6561
6486
3454
1007
7133
6024
5559
6670
332
3019
1130
322
3500
7115
593
5173
4366
404
1218
634
689
1673
5986
2450
4877
3197
823
6811
3755
4337
5212
4694
1137
3627
5261
659
7420
7407
4194
1467
422
860
4313
1338
5671
5414
1164
3655
7511
5164
3585
6801
3409
3254
5344
2504
2164
1740
7167
6277
579
2549
4249
1430
2732
6859
6942
1386
7462
4919
2468
3349
2995
7823
3323
4929
3525
3657
6878
5874
1661
7642
1540
4148
1806
5487
4438
5667
640
7431
3004
3991
7825
1579
721
7658
2230
5259
2677
2535
7039
567
5440
1040
2648
7478
3347
3020
4971
3079
203
1579
5155
5681
2511
6104
6796
2121
2761
1242
3670
2304
498
6662
7800
294
5125
581
4914
1983
2453
4862
6698
1728
58
4575
568
6631
423
7821
893
7924
6167
2534
3502
1415
486
1583
2415
663
1788
2783
4058
6540
3044
6727
6302
6650
2107
6044
6020
4539
3395
2147
845
7400
3543
2551
7544
6900
2489
3706
4512
229
5511
7766
2625
5423
2253
5871
3227
4910
5939
4647
879
5631
3095
1485
1958
1532
5430
6947
7825
7059
259
6986
2443
6531
5786
2060
1723
7346
4366
646
6390
7981
7902
7024
7361
4028
3719
4362
5300
2017
115
4837
2681
3373
3983
4364
3892
4864
4410
3021
6781
1307
4569
1511
7496
35
7239
913
6118
2997
362
5989
5988
2592
5025
5672
6225
2371
1561
7670
4830
6980
7743
7758
4637
4394
6991
248
2604
664
4427
15
4779
6503
1864
7471
7848
4447
2466
7611
4508
6289
5968
2507
1679
339
3154
7217
5910
5081
7175
7591
4925
4012
1755
1046
1471
7434
7261
7173
5298
6619
2414
3420
576
3659
5589
5588
591
5704
5296
2430
5442
4186
4485
4780
5657
1113
5367
4800
1460
5904
7956
207
1909
4397
4555
3825
5634
6753
3643
5031
3242
6938
4902
7722
2399
7898
3332
6988
2721
6580
2228
7309
5692
4323
3918
1149
6503
1607
2643
5256
1934
2941
7366
7139
3562
281
7380
1042
2443
1475
3502
3347
1335
5739
3511
3242
493
3178
1113
1546
6530
1079
6386
3677
4397
5186
7020
4592
2398
2288
2027
6846
5640
3188
1247
1816
2048
6022
3001
7470
2685
1283
762
3004
4543
3361
3942
3347
5773
397
6488
7362
4951
3043
6191
7906
6073
841
1510
699
3744
2921
1666
4502
6151
3145
4708
1184
2907
7112
62
2488
7485
5943
5730
918
3237
2257
2294
3351
548
5913
1476
6697
7746
5519
814
7759
3845
6286
6718
6801
2579
7173
3036
7684
4463
4623
4313
7153
1311
882
5927
6885
174
4465
6635
3733
462
2766
3819
6379
5461
736
7010
5489
4136
4428
7411
3417
2357
4067
1466
2086
5850
472
1341
1979
6307
7452
3649
1470
4976
1624
2233
2793
3829
454
2458
6573
348
813
5834
4098
6149
1783
1782
6992
4141
3120
4674
4659
556
2333
1436
751
7832
951
4970
2032
7368
3715
2337
5628
4467
1487
3767
2935
5814
267
1136
1874
1972
193
1301
530
7767
2866
2628
5816
7541
7951
7328
5458
2639
6864
2600
606
1011
117
1957
86
6465
2071
2173
7965
4490
4842
5222
1604
5396
2066
6836
7161
1786
670
2450
4492
880
5733
4367
5727
2853
252
1296
7082
2497
2769
612
1897
3853
7655
7861
802
7474
2798
7769
2390
6362
5374
1288
2820
6259
2864
3752
660
3602
7833
7301
5479
3572
2148
3164
5624
2847
395
534
7663
3751
2866
2002
3458
6476
672
6043
2632
6273
7130
7161
6300
7111
6750
739
2346
3384
7865
3218
7513
7968
7941
2224
1109
1030
5315
7599
1272
4104
1424
2871
3924
2340
5383
1015
31
4947
4020
3613
1468
6415
4272
7136
5410
4918
3550
5370
1003
6343
512
5236
763
7817
1591
6361
5067
778
2453
4428
6033
1925
3488
5046
4430
3869
4454
3287
5491
3846
4344
6590
3313
3139
1540
5012
4956
137
2131
1298
7483
3203
475
5074
5294
1263
6722
6531
1916
4901
3312
1463
889
7736
2895
5591
528
5877
5346
3638
7603
2056
3327
2498
5468
6207
2154
7831
7934
3494
3856
7341
7053
976
4573
4402
5607
2551
4794
243
3101
2619
1830
2675
866
7878
1968
4894
2575
3793
5070
1303
913
1151
4318
302
624
615
182
2477
2172
3375
5801
2705
3286
6419
1177
7254
536
5573
2548
4140
1122
3631
2445
3589
642
1108
471
1232
5503
3348
4672
6912
1410
4430
1320
5637
6050
2848
5948
5340
1035
3594
5939
1282
4746
5744
5669
6660
55
5886
1987
6066
894
2982
6839
1969
76
2180
3481
3632
2964
5027
3722
7155
6267
5849
2545
5643
166
397
5648
6758
5661
601
6978
5122
924
1034
7123
1149
1014
5764
6652
457
231
4803
633
5371
5748
636
585
3522
5633
3682
7426
3892
2159
772
1038
6724
4911
5075
4614
4560
2600
1410
3497
2775
5377
3334
4536
1224
5195
4349
114
5237
78
6891
7335
3879
1135
5535
827
395
7866
3828
58
7433
210
1907
914
1205
1266
5590
3249
7326
5343
615
2684
5380
7404
6791
3688
7592
2665
3531
5945
1211
6250
6849
7765
760
6895
5520
1924
7309
629
1405
4423
4596
920
1546
4562
97
5155
7673
3559
2260
2998
3054
7311
1742
1043
1714
952
2528
261
4116
7782
1310
7021
2602
1687
3251
2986
1653
632
7822
2532
5218
701
6714
1013
621
5217
6284
2037
1120
3642
7029
3233
7929
7479
2808
7783
7978
4922
6901
7377
5946
1100
7523
7627
2953
6785
2908
5587
7216
681
6994
572
2951
1200
5599
5918
3840
851
4411
2461
3568
191
1159
6357
2926
6728
70
7775
276
4162
2667
2883
7843
4032
7436
2874
3907
4327
6198
2910
6183
1517
411
6960
4751
1908
1319
5573
1639
381
1776
7951
1293
2954
2444
2244
6128
1621
2428
2989
6675
6310
3141
2637
7153
2005
5407
3692
5755
988
7495
1471
2877
5656
5871
373
3742
1244
662
2464
7494
6130
3698
4222
858
2735
6920
6884
1827
2866
1566
6406
7948
7289
4873
4133
5578
5663
3104
4053
6870
5494
1233
7594
5014
2493
1553
5055
6106
1022
687
3682
1601
6727
4226
3423
6972
6530
2561
1064
6954
7092
2609
5150
2211
7054
2105
1150
3088
4723
2321
1003
6839
1287
2137
915
5461
2032
2502
4801
2788
4141
3447
4863
3900
5903
5222
6182
1430
5847
4409
6788
683
2862
3768
5416
6459
3579
6490
716
4585
7589
6712
224
3843
4965
1187
1583
5024
5062
1361
2224
5730
956
1202
2859
2524
4318
4897
5382
1549
1346
1206
428
6793
2292
7736
2649
4344
2066
687
2308
3000
775
3544
6376
670
3682
4594
2161
1242
658
3766
768
6776
2624
5859
3227
5251
7049
5303
1396
516
5719
7801
5716
3304
667
6067
4324
6975
1577
6270
6424
673
3631
2485
6136
5675
2323
4172
3469
2215
3433
2233
2596
1098
4174
2448
1153
726
2340
1644
4452
1824
7466
2953
1713
6764
1654
7791
574
308
1362
7753
1278
5639
3569
7252
2948
7438
6348
6003
2423
5739
3998
1759
529
3898
2552
3515
1555
2809
3777
645
3401
6084
1870
7017
4149
633
4058
6640
4123
6138
1314
3285
2152
5840
3296
7224
960
3309
161
4268
5219
6282
2693
2859
6907
4335
6995
4265
6852
2449
7030
4165
216
277
2392
4316
4438
6195
6042
2040
302
2997
237
6630
2060
3423
7504
3557
3487
937
4582
7610
1221
4456
3827
5729
3797
2827
1779
4382
2376
6336
7895
5745
1348
1974
7965
1063
71
4158
6666
2509
3437
1227
7
7936
2589
6488
5910
3040
7830
3816
2415
3363
786
7977
5307
901
2836
4658
2348
2717
7699
7083
7479
4043
6467
4236
5295
3598
4092
3134
3007
1842
5065
4893
836
2150
2640
4575
6341
4332
281
6286
1360
425
6844
2289
2418
796
2411
2953
658
427
1946
183
7530
2393
4295
59
483
1940
425
6103
7053
6891
6073
2129
7608
3037
3351
7832
753
1933
2651
1470
3612
4369
313
5156
6763
4585
720
1715
1656
6732
4431
7430
3141
4766
7940
7973
7181
3199
7107
7405
5254
2621
1711
1483
502
2025
6568
5927
7663
5959
5457
6813
6569
5535
5372
5734
1466
1008
4981
597
2740
5252
2472
1598
3227
799
7215
1905
5121
401
2428
4772
320
2731
1120
1518
7380
2062
6197
3696
3027
1055
6638
7246
2569
7830
5625
6555
6836
7798
2062
7251
473
3543
280
2753
7105
415
1852
7937
6355
3535
4746
6240
5071
1337
6207
5599
3172
7952
3700
1239
2479
6871
2919
5366
338
3580
7909
3879
2284
2238
3024
1424
3450
4040
82
6645
2250
674
1119
5114
2583
6141
736
7045
3718
7980
7617
6402
7740
2994
7640
5696
6618
1462
2480
7480
1110
19
498
6126
119
7500
4719
625
3372
1501
6221
508
1674
4332
3403
3135
7009
2334
370
2103
3321
7686
410
1721
494
569
5846
2063
1509
5053
4733
6073
7978
544
7318
6677
7720
2468
2847
2713
3908
6424
7226
1276
150
3586
181
2804
7044
6328
7988
2011
3965
2253
7421
6123
5839
2153
6688
2856
7078
4146
5057
5789
1698
3366
6083
7934
1811
7819
2643
4652
1172
2045
2062
3224
2625
4454
4432
7487
6614
5325
794
5907
6053
4101
5151
7546
7859
4741
2027
6703
4016
5528
881
5127
5714
3051
2799
462
6413
7108
1152
5008
6833
4370
3518
2483
7839
5407
7441
3073
4585
7265
7449
5636
6790
5232
2868
1738
6638
467
2924
3080
2328
6963
832
1307
2574
1329
4301
1257
7721
3411
4185
6246
2351
2585
2109
4403
3909
1454
5804
736
6930
6650
4324
1362
3315
2772
7535
7296
1236
341
4310
4439
2161
1800
1827
5310
7338
2685
5394
5812
4540
509
980
5973
7842
407
6911
7547
4039
7897
2709
3712
1126
859
7022
6114
6080
2549
7941
5248
5369
3472
2077
7425
4752
1306
3342
2324
2617
1811
2736
1425
1881
7492
6370
3134
797
4752
6776
5230
2680
483
5887
4869
7927
7495
45
2262
2882
2773
3498
4525
3377
3592
5237
7720
4360
2221
6453
1664
1297
759
2973
421
6356
751
4666
7752
4470
4744
3420
3954
5228
5328
6430
5841
1626
6339
7828
5524
2188
1658
2577
7979
6671
6464
6034
2801
7725
7685
3467
4454
1604
1388
4555
6741
1666
6079
1614
5972
2944
2050
4191
5354
6519
4901
168
3659
7907
4563
280
7358
306
6311
5871
7711
4585
6142
6185
6913
6868
2087
6788
6891
5160
3511
1328
5251
1655
4282
1491
5001
7758
5315
3766
5882
2158
2597
5775
1045
4902
3258
2283
1593
5961
2848
2360
4461
6993
7620
1772
4538
4944
3286
7446
6451
7247
6556
7935
7381
6405
2083
4284
3593
6389
2639
467
5062
5349
2196
5448
7507
1014
7229
6403
5930
6117
1322
2527
1720
989
2583
3217
3265
1206
3350
5427
1441
4302
4703
44
173
4482
4286
2814
3832
6282
7082
2924
4530
2095
2614
1030
4586
4649
97
1554
6836
281
4104
7833
7333
2143
4730
2251
7739
5721
4780
3216
794
1273
2243
1452
6257
5506
5135
2189
5883
6623
6808
5940
1186
7776
2832
6334
2813
3537
5607
4174
3322
1337
3198
6617
983
1836
5235
5966
7242
6029
3483
7136
2497
548
1230
6001
4292
536
795
604
1910
6025
7900
351
890
4684
6949
804
369
6788
4374
3114
6242
3097
6416
5781
5875
216
388
6222
2132
4135
4647
2008
4731
5347
1474
1329
1033
1240
1509
4961
268
7708
2875
2210
5214
7176
7289
7019
4394
7124
7409
1627
6094
270
4611
3135
7132
2295
3250
3072
251
1914
4308
1388
6827
7498
3299
7071
6118
1943
4530
4045
2977
7532
3641
3247
498
488
1041
2248
1867
3607
1083
723
484
1260
6234
2123
1911
29
193
4246
7845
1563
167
5455
7990
621
7351
4655
3518
1512
4
6423
1114
7885
7898
6908
2906
575
6255
1135
4921
1375
889
328
6087
2438
1305
6382
359
6814
4277
774
2100
3165
803
4150
5247
3231
4928
853
5364
4832
1889
4593
6427
4307
6945
2363
4026
4321
1370
5843
7127
5633
1327
5804
1434
4080
7301
2908
5457
5518
3281
5379
5134
1301
5324
2773
6699
3126
2308
5509
7150
5649
6156
6095
1927
785
5396
2210
3638
4195
2323
4521
2569
7121
2592
2037
2691
1535
5856
4361
1113
3264
1626
3585
1366
2774
2343
2591
5406
4164
1477
1139
4943
6290
7562
999
7299
5085
4405
740
5618
5848
2848
37
2357
5603
3282
3606
7653
4166
7281
1384
802
5642
7892
3252
687
4916
3510
7689
4923
1503
6855
1300
4923
757
1949
1387
5042
1097
4233
6134
2898
1812
4356
3386
4284
6603
5063
6147
5092
4249
7289
1710
6096
1662
2819
7056
3263
7939
4032
2695
4070
6169
3728
1883
3989
5518
4044
655
4729
2411
2899
3338
6842
4268
5699
6557
4165
156
1604
49
4324
3277
1662
2574
3976
1905
3370
7050
1769
345
5254
3340
2052
3271
7714
3772
2691
1329
5144
4681
6587
5717
4761
6870
4047
3187
1825
66
3249
6572
7116
3218
5065
5045
1603
6973
2734
3192
2575
276
785
6023
5774
4493
4921
7421
2306
5483
5928
4851
5126
5387
6365
6492
5661
4300
7667
2622
1251
6876
5671
1037
6565
4060
4215
742
5964
7471
1253
1253
4020
5412
6106
1123
1563
7485
872
2383
5684
3164
2216
7080
2459
3593
706
5588
5284
3554
6987
2592
7244
7008
3273
1941
3729
5889
337
5747
5213
5016
1937
4749
5533
109
3562
3776
5425
7506
4533
1937
764
3523
2727
34
4890
5561
5455
4433
6321
5707
2236
4654
4065
2049
2811
854
3989
951
3197
4912
6523
3435
4312
3652
1872
419
1508
4659
2068
3581
70
5911
1949
6933
1353
376
3784
1292
5992
6567
2378
187
808
6715
7268
4597
4194
1061
1077
241
1566
1202
1769
1756
5915
1438
6479
3514
1068
4175
1801
7093
2940
6837
5341
7940
1138
3643
6312
2169
5679
7786
3505
423
4852
7643
6363
4653
1441
6807
1269
4580
5977
2573
6060
1505
7041
110
2016
1191
870
233
2195
2412
1534
830
1534
5958
3974
3649
6590
6578
587
4846
6123
5761
2629
3363
2825
6368
3037
6142
2712
5122
6928
2451
6
7468
6891
3402
3717
5020
950
532
2486
2775
1325
5576
7172
1934
425
7902
1486
2412
2654
198
7164
3263
7101
5094
4339
1152
6650
2031
3363
193
7080
922
6397
7090
4288
7493
6594
2639
320
6500
3127
7338
688
3941
2613
976
575
5604
5853
3675
6092
7048
3304
4820
6658
6136
6876
3010
1243
7166
5722
5203
1861
1398
1684
7334
7905
1330
4637
6515
7464
686
2777
408
6632
5866
4115
4609
1133
1450
1005
6898
1403
6086
7474
7668
950
1390
5000
4954
5796
3390
1345
6062
523
7994
3152
1341
245
5414
7256
7484
6162
4613
1504
7510
6908
364
4259
5203
21
4097
1349
4838
7436
5013
6111
6355
1919
7772
7419
6459
4347
6725
2267
1669
2782
4858
3380
2923
6301
5814
4216
542
5282
2813
721
6679
974
1789
2537
764
3228
6335
5414
3050
37
5514
6515
805
4288
1364
4410
5658
3649
6054
3630
5324
2274
331
4036
6371
1856
3124
6273
5646
7676
6251
4270
4240
386
7986
1577
110
2086
3576
1750
4916
1066
3127
1522
4191
4188
4525
840
554
3036
3764
5436
3448
1468
7872
836
7514
704
1845
2295
510
452
5923
6717
5109
3005
7647
2022
2655
3159
1791
4056
7541
2238
4337
7584
4659
313
5368
2601
288
1840
6404
5642
5563
4686
3118
7609
1860
3137
6925
5981
676
350
1271
1730
4986
5666
4248
2214
7170
1620
7080
1392
7652
7942
332
7232
407
2490
395
1569
2480
7008
235
7899
5131
5181
6056
1638
6804
5032
6480
120
5683
2031
2302
7551
3666
5974
3440
5227
1612
5119
6919
4706
5171
5221
2908
3991
958
7490
1722
5045
2253
1937
1147
2869
3291
1134
3330
7759
5631
409
6994
5260
6623
7449
2505
3386
5297
1149
189
5434
2991
3262
7858
307
5143
6848
5172
5097
3548
5559
1687
1128
3244
3494
4425
4186
2271
2179
849
7736
4409
3895
6566
989
2396
513
5486
1462
2701
3514
7250
1110
5025
7219
186
6246
771
7098
5098
1018
4197
5820
1016
7038
1921
6020
4393
6351
651
7330
1448
38
6197
3494
7458
2799
1694
6475
7937
7416
984
3634
1282
6341
7700
4483
4597
8000
429
2616
4689
2893
5517
2165
3057
6204
4480
1999
2031
216
4883
1069
1691
5596
3688
5836
345
261
3225
2588
2772
2243
6983
6920
3939
6025
382
3283
630
1411
966
1501
4476
7719
1929
262
277
5349
7644
1577
7535
6264
4076
137
6079
2910
1862
6666
1502
2212
6594
214
3326
1627
7181
1056
2951
2535
2258
6725
1106
3765
7237
910
2689
4044
2316
1746
7545
2109
3209
5945
5309
2805
3272
2843
5096
6193
3778
5958
5830
5584
844
6559
528
2244
159
7007
7363
4066
3140
7551
1884
1050
7196
2287
2802
2816
3017
5183
495
1480
1213
609
4972
5585
3165
4357
4201
1560
5329
4132
7270
6669
1067
7961
2912
1922
7985
7913
6763
7808
5257
5667
4072
5236
7232
1571
1060
1799
6518
4912
6798
4555
2474
7237
7378
5265
4894
1005
2646
6743
6887
2887
6352
4382
5139
4457
3714
6298
6966
6625
5843
1283
339
1943
6155
6345
7652
6926
2731
676
455
1609
4263
6089
3653
6346
641
5496
2815
5366
899
370
6391
1748
89
5833
6648
4852
2569
271
6755
5356
7887
624
1112
4542
5273
3228
4285
5333
923
7132
1966
4846
336
5062
1217
1492
1551
3084
820
3779
6598
3118
4854
3566
1109
6608
5710
348
4425
4198
812
1389
7603
1611
4427
3643
1124
6897
1535
1628
840
1971
5792
3843
4189
7367
4499
5830
1678
527
4978
5370
2736
910
5655
6330
7960
3831
5386
1159
3862
1697
5572
5961
5459
4696
2336
5876
6211
4813
1309
7238
5062
1453
5586
1388
545
6671
7791
3716
403
3462
7723
766
4055
2454
975
3804
4534
1348
7519
6616
4293
2438
1568
7908
6658
5850
2571
5132
4807
2419
3404
1720
745
1485
4023
7245
6704
7394
584
4212
3826
2485
1557
3634
5774
7179
7058
950
3842
1209
2881
4850
4202
4185
4660
1185
3862
2582
4608
6630
4038
4583
8000
6933
5252
5273
259
4619
5406
1284
6611
7607
575
1759
7459
6972
2282
5744
5332
2543
5970
1052
5796
3387
3800
3228
3571
4452
4193
2832
3251
6888
2515
7341
1964
833
6061
2707
3946
3272
3841
1402
7620
691
4814
1418
3401
1855
62
1417
7176
1961
7672
366
2364
2006
2019
3733
5074
5714
4217
2444
2521
3765
7427
2954
6085
7202
4982
1791
352
4649
7082
6983
7246
6220
1779
7800
4283
7647
222
5210
2787
3528
7562
1718
3517
2406
5792
6407
7941
654
4272
1166
6693
3121
6953
7041
2943
1817
2293
6051
6873
3538
2735
1135
7270
2405
4994
3374
1965
6208
6431
936
7448
2225
5530
4151
2267
5905
3682
4790
895
7102
539
1113
6474
4608
5722
7255
1357
1741
5436
449
3466
7847
1763
3062
191
5091
718
1903
5908
3078
6228
6134
7196
7752
2109
4596
1547
2874
4733
1575
5813
3651
6926
6578
7039
5126
1001
270
292
7391
7264
4575
4710
3277
1115
993
4559
3946
2541
5889
5538
2900
4562
7752
7779
1264
775
1714
1536
3269
262
3485
4443
5123
5405
2781
4597
1191
3818
4908
1336
1270
7797
575
2848
3046
4074
115
3080
1564
625
3366
3597
5712
6700
6051
6881
6350
5132
5493
1582
2197
4753
4188
2724
6306
156
4894
4257
5191
2930
7796
3708
5236
5647
5541
6702
6871
6628
625
6302
4256
624
1571
2376
6045
3254
5129
7177
1605
4448
1280
1609
5520
7216
7529
5701
7107
7583
6136
1464
3146
4308
235
5477
6077
706
6167
964
7941
7454
7837
1094
7256
5244
7612
4935
5023
3397
2753
5008
5817
7255
4057
2117
1305
3897
3271
4017
7883
6841
7792
7084
596
5477
6419
1895
2230
2402
791
7828
2898
7916
893
4916
1384
4074
3061
7102
7738
2669
3852
3177
3216
2821
1474
3671
852
384
2682
4894
4765
6464
4874
2547
5513
6776
7218
2421
2307
5443
3370
7380
1828
32
5396
540
5557
654
4497
2210
6803
3200
5552
6537
7083
5630
5504
4273
2277
472
5574
3517
2334
1863
7370
512
4173
417
4492
3204
5255
3832
7188
7478
3485
7057
7591
7857
7907
4028
789
613
7052
5717
239
420
625
5973
7319
2697
3312
789
5424
7493
881
2337
6068
2759
4164
3765
4131
3911
678
1559
1433
5808
1827
7184
2361
4136
1109
6728
2693
5949
5258
5949
272
4781
5251
4960
778
530
2777
7116
5114
296
3259
4835
1611
6205
594
519
2941
7540
5957
6962
572
3317
3416
115
1230
7604
3503
5830
2469
413
7345
7182
6484
1433
6472
7281
7391
7232
7748
464
7595
3675
6431
290
5204
4372
6491
7660
477
1277
3656
4127
2
6521
5794
6285
1834
2763
1238
6665
760
4537
7077
7323
4929
3228
6498
7453
1752
2375
3861
1910
3268
6226
962
816
4883
3458
6403
7351
3784
4118
786
1008
4271
4144
4131
115
3986
6686
7150
2791
5380
1989
6730
2937
1306
7145
3509
3705
5882
667
3312
2129
3595
7744
5447
7842
972
4089
2543
6716
1792
820
3527
6010
2503
975
1665
5688
4617
4580
4314
4851
2059
6517
2053
4859
7843
3573
934
3799
7560
4273
2937
2037
3075
1625
5587
1100
7938
495
7425
2000
7563
3787
525
6225
5582
5576
5599
817
2963
3023
5631
6272
7570
1214
4152
886
1057
1844
2328
5452
4744
4732
3989
6135
4848
467
4554
7490
3770
791
7646
6470
4653
3535
6213
6473
5127
5585
544
2353
2868
5652
5248
6691
348
1682
5320
5117
7255
665
2736
2220
7036
6191
2342
7658
7511
3232
1999
3159
120
4902
2027
2355
40
7667
5206
7670
2807
3677
2730
2700
1905
3942
6850
1264
4079
1063
2138
356
3145
6105
3538
202
3113
1408
6865
5027
123
5621
710
3809
6784
782
7370
1706
5762
4908
3169
684
5218
3232
5984
6999
4685
7482
3432
3004
6413
4016
1808
8000
6907
5416
4833
6460
5459
3874
2234
6453
3616
7429
7444
4915
4950
1093
3296
1408
7806
6701
7117
1406
3212
4686
6950
677
4044
7940
1111
3353
315
5025
591
5220
6130
7929
4609
2837
2685
842
1542
7604
1930
2501
925
5472
3965
7357
3858
519
7136
1515
3964
3906
4088
5916
2783
3211
2291
6520
1010
5788
7357
7791
1596
1509
7729
1921
152
6312
5165
4714
1239
3317
2238
3689
260
7549
7802
2220
5890
1302
7149
3418
2834
7498
235
7548
1265
5660
2693
521
2718
7064
4694
7052
6777
4758
4861
7604
4231
2891
6373
4024
2578
4363
3263
6757
3822
6879
5521
7173
2134
4926
4904
5357
2356
7660
7337
6436
447
3820
198
2219
4991
5027
588
6446
3948
1995
4056
3845
6836
4240
6122
7847
4572
1675
6097
5868
2302
6552
6022
7228
4976
2518
5845
601
7813
7098
5622
2631
5421
7632
2746
2132
7672
5712
5601
199
7991
1305
4040
1257
4035
7756
6335
42
7319
328
5817
1202
1176
7997
2077
7750
1206
3695
2425
1810
3050
905
790
1113
5919
1371
3110
3318
5101
5938
3290
6157
6144
7571
784
5716
4375
5971
1770
2680
6505
1110
1594
7341
4642
4706
2073
4821
906
6687
4439
6284
6599
7149
4812
3726
4089
6690
3917
2181
5443
1567
442
5939
1962
590
1653
3193
6421
6906
3629
834
4980
3722
7960
1295
6014
4763
447
1311
1490
7481
4211
5306
2303
2618
285
4698
6047
1144
6963
2423
7262
1001
1287
5486
3928
6301
953
5133
2528
4947
5069
4093
2910
7799
1751
3660
5008
2364
3475
343
1393
1362
3025
3536
3830
5764
2189
242
6901
5105
7709
6206
7905
6821
4547
6384
7344
1556
7650
5379
5405
3378
5710
7198
1481
4274
1724
7066
7613
5913
3864
6000
2442
189
7222
2756
4497
799
6496
328
5663
4386
5710
462
4080
6440
3635
1583
5333
4488
5300
1297
2096
4141
2163
5271
2715
5262
7498
5867
4008
2501
7188
4385
2947
7951
1189
1992
4980
6047
7001
4434
3521
2783
6474
1245
5168
5700
987
4125
1002
5580
4145
4200
4027
3479
2498
3486
3766
4063
4357
1715
1078
6742
5577
7067
3455
1115
1314
4241
4226
984
189
1091
1407
570
2773
3805
4741
206
6718
1200
6485
2229
2143
1279
4965
5635
3901
7078
512
4026
5490
6376
2506
926
3964
83
3234
3253
1073
6162
5536
6941
785
4367
1981
6793
4916
2946
1042
7130
6946
7579
7737
2710
3329
5768
2320
327
3817
5795
4572
1650
3732
4540
1225
7411
4657
1790
5071
3058
5655
7424
5745
4612
2518
5674
3040
6688
5418
2178
6972
7803
5961
6482
3962
1283
2523
4728
2592
6261
5322
3530
5485
6556
6511
4707
5207
807
4907
143
2092
741
5143
3727
6618
287
4755
4617
1802
5010
1211
2063
5158
6791
7480
7946
4924
7761
1138
4610
890
7843
931
4365
2457
395
4423
7123
7383
4751
4016
3193
7004
1122
3701
2418
2174
771
1866
3998
736
2035
4971
2205
2869
2449
5747
7797
6882
3155
265
2780
3394
3107
5113
6178
5955
1684
1121
5309
6317
7295
5058
6771
5955
2750
7670
5086
1282
1732
6465
7519
4742
2520
4799
6434
7436
1260
1597
841
3474
5086
1700
695
2011
1418
400
4412
7695
522
2944
4312
7934
3467
741
558
2117
5005
2141
7558
777
4150
6201
7039
4577
6740
5370
2319
3280
2606
603
6648
3567
1733
7880
5770
6698
4524
2220
4815
2017
769
1640
3350
1902
1991
4127
5471
6342
993
7726
4064
6904
3373
3961
5938
1043
1083
7329
4955
741
1769
7953
3320
7005
5789
5176
4999
5138
1373
1553
1295
2588
6094
349
6124
1056
1287
6643
1787
2730
3729
6637
5854
5043
5437
1860
2284
6721
2018
6262
6712
6510
7026
5411
3388
6272
248
568
675
1847
2161
3010
2736
5670
900
2212
5774
5369
7390
5796
2804
1621
3630
3551
692
477
7546
5917
6689
464
5021
1215
7387
3279
2397
6997
2041
5564
6317
972
3409
767
1212
516
3174
1890
6775
3648
6895
7196
5986
2999
6912
2667
4942
2951
344
5786
1208
6665
6086
5666
2174
1023
1016
4525
7167
1002
5601
6965
1741
185
2054
5387
1553
6875
5158
7988
7932
6965
2564
2350
5414
5680
6354
6160
4549
5609
4091
2703
6474
3724
6541
5533
2139
4411
2498
1323
5545
2599
1514
2384
4911
2114
3766
6722
6086
3403
4003
3776
4518
7176
64
466
3901
1746
7582
6440
5349
266
5908
1056
3910
6186
5292
6947
328
1334
3246
1135
4402
1488
2694
239
3492
6827
3668
3397
2925
3224
7121
3306
1866
252
5273
4013
6844
1507
665
7319
261
1133
5077
7472
7998
5094
406
3226
152
6196
3695
5786
3245
5673
4331
375
962
4984
533
3003
6748
6981
1060
7254
5499
1237
448
7650
5943
293
5685
5826
1014
4374
2803
1059
2760
3141
6719
164
3999
5369
3194
3666
2862
3446
2700
5260
1308
7214
5485
1798
6309
4439
6672
7272
654
2392
6572
470
5571
2909
2088
4427
2766
3465
3810
4126
6454
1867
3164
2983
3890
2122
5699
5819
6920
570
5597
3410
1991
1872
719
138
2077
4626
6473
3909
2390
2951
5903
3885
1586
4174
4772
5463
4321
7883
4757
2245
605
4668
4959
326
1956
5610
3198
1784
5521
2362
6803
5806
3542
5155
3824
2156
6168
3514
5892
271
1511
7272
2142
3210
6553
2366
2783
650
1218
4319
4929
5819
3409
4251
1086
2212
1674
4573
3294
7214
4763
634
5088
4290
1182
6185
132
7503
2154
7762
3763
5483
1302
3071
1420
81
1291
2159
4044
3017
2565
1929
921
6053
6054
7662
7083
5287
1975
5799
1816
6528
1212
4350
2554
3443
4850
5160
5950
1112
5287
479
3660
1533
4790
974
398
679
6238
3174
96
2742
255
5646
2194
1958
2480
2103
3484
2482
6463
7885
7583
7827
6726
2313
6100
4198
5478
2467
659
555
2723
4453
706
5801
1052
6299
5912
4080
1381
615
2061
7542
4867
6449
5792
3875
2755
571
4868
2216
3511
1874
1960
3658
2190
1120
930
6333
3919
5919
4983
3179
1330
4456
1097
6740
6875
6249
5022
7951
3059
5621
137
7086
1253
6070
6519
6271
7538
4989
2199
1903
1458
1786
807
5450
2664
4295
5784
7901
704
5790
5405
381
1383
4908
2645
1824
4871
4989
6483
6952
1694
6550
3846
2880
2810
6177
2634
3871
4755
1155
6026
4266
1285
3914
6159
4278
2024
2114
7722
1643
1870
4199
5370
7876
6552
4020
6619
6066
117
7322
4395
2016
7672
4428
3578
3026
2133
2935
7246
1191
4409
591
7887
445
259
5637
3477
3059
7266
4500
4173
3273
3724
3707
3202
292
5527
2949
6478
6447
6200
580
4444
5979
6167
1692
6424
3142
5067
6395
5686
7865
3959
4454
5660
7564
4480
431
6509
1188
5930
7299
2419
5469
